Species	Name	R11	G11	B11	R12	G12	B12	R13	G13	B13	R14	G14	B14	R15	G15	B15	R16	G16	B16
8301	fb	107.67	49.73	17.7	159.34	105.67	24.43	168.71	116.31	26.65	95.23	49.2	22.92	95.13	81.25	65.13	69.57	61.48	49.34
8302	fb	111.3	51.86	19.38	151.62	91.75	12.01	167.63	124.57	33.41	101.19	59.09	27.1	109.9	95.2	75.85	93.68	81.2	63.65
8303	fb	87.95	46.3	23.4	147.06	96.51	23.72	156.18	108.11	25.32	91.75	49.74	21.35	110.98	95.96	77.99	84.7	74.33	59.9
8304	fb	137.7	76.57	12.15	164.94	129.76	34.33	176.34	147.56	56.02	105.59	70.66	25.53	117.55	112.14	96.31	91.52	89.28	75.19
8306	fs	113.25	54.63	15.15	163.09	102.59	6.96	168.32	127.49	48.02	87.39	46.21	23.98	102.3	87.31	70.34	95.69	82.69	65.79
8307	fb	140.68	64.1	11.12	198.97	120.36	23.53	193.34	131.77	37.26	105.77	50.98	21	131.96	99.9	71.32	93.04	73.66	54.04
8308	fs	158.44	87.07	28.69	189.36	127.1	47.13	182.02	129.71	46.11	139.86	83.12	35	125.22	88.71	60.25	115.77	85.63	63.73
8309	fb	121.93	57.14	23.64	210.39	145.3	61.52	221.39	158.21	53.32	122.53	65.97	26.3	151.86	115.99	83.39	110.82	87.14	62.32
8310	fb	166.12	91.02	12.86	197.31	129.57	13.74	207.54	157.67	50.19	148.29	84.49	21.24	132.51	96.12	68.05	111.29	84.21	62.51
8311	fb	152.65	67.47	19.17	208.63	139.58	33.15	212.71	153.94	37.84	170.72	87.86	21.93	133.11	102.29	71.79	111.79	85.92	60.08
8312	fs	146.09	75.52	23.37	190.58	126.69	22.04	195.59	148.2	56.87	147.59	91.19	37.12	126.34	96.47	67.18	108.07	84.6	61.27
8313	fs	180.4	97.43	27.67	226.72	161.75	63.89	236.77	184.37	85.99	157.94	81.24	25.19	130	95.7	68.32	118.26	89.22	63.56
8314	fs	156.84	80.69	22.19	212.93	114.47	34.13	203.98	155.78	62.87	155.51	85.87	27.17	143.11	103.39	67.04	123.69	92.34	62.74
8316	fb	155.54	73.54	16.84	207.64	132.28	14.6	288.39	162.38	39.38	128.22	62.55	24.99	147.28	116.79	87.16	108.38	85.24	61.72
8317	fs	134.82	77.74	26.38	167.84	116.65	34.49	169.31	128.19	55.28	124.04	79.13	29.05	118.84	97.27	75.53	116.21	95.6	78.3
8318	fs	159.39	68.51	11.45	212.77	143.75	35.24	226.45	186.52	106.53	146.51	73.67	28.39	150.41	118.18	86.93	121.73	95.15	67.85
8320	fs	135.13	60.12	20.07	189.85	134.69	57.31	190.26	138.1	50.47	135.41	69.13	26.39	138.43	105.68	80.79	112.75	88.09	67.37
8321	fb	151.76	75.1	19.49	195.47	123.27	29.04	190.25	139.61	55.99	137.92	90.66	52.14	150.95	118.99	87.46	111.55	87.06	64.38
8322	fs	151	92.22	44.67	180.64	126.41	49.79	203.63	158.53	93.46	149.56	84.07	34.21	145.77	105.57	72.54	132.19	98.36	68.67
8323	fb	122.82	54.71	14.23	158.03	106.09	18.1	164.84	119.5	29.94	91.53	51.98	22.96	114.86	98.31	77.62	91.42	79.38	61.45
8324	fb	134.93	74.61	33.08	195.41	142.99	72.1	223.26	177.46	101.37	126.9	72.45	35.79	131.75	98.95	70.42	101.44	78	56.71
8325	fs	137.52	54.76	13.42	199.23	139.01	49.8	212.56	174.48	113.69	123.17	71.39	36.28	117.47	85.47	59.1	98.94	73.52	51.98
8326	fs	111.51	59.54	20.77	147.6	104.16	35.07	163.64	118.14	36.19	94.32	48.99	19.57	98.94	84.9	64.42	90.89	79.09	60.22
8327	fb	118.72	56.66	17.14	154.57	87.89	9.16	163.57	113	25.93	100.62	56.12	24.2	96.7	80.92	61.09	79.81	68.44	52.54
8328	fs	160	89.13	37.84	205.11	143.45	56.13	213.6	166.73	86.3	184.99	125.23	65.52	171.14	133.95	97.03	152.84	121.23	90.35
8329	fb	170.78	92.39	27	227.83	160.92	56.84	228.7	174.62	77.05	163.46	90.81	28.84	168.12	125.29	84.08	131.3	100.09	70.01
8331	fb	156.96	85.59	28.63	211.18	143.2	35.58	218.4	170.39	83.39	155.85	98.34	43.45	186.13	150.58	110.7	136.29	105.48	75.56
8332	fb	152.33	85.24	35.65	198.74	124.12	26.61	213.6	160.49	75.88	160.29	90.86	34.77	144.41	105.65	74.63	116.98	87.17	62.26
8333	fb	125.64	55.82	15.94	197.11	128.25	16.99	203.71	138.88	17.92	121.52	61.07	11.13	139.61	112.93	83.33	102.59	84.2	62.04
8334	fb	135.57	59.55	12.32	164.41	99.64	4.58	175.23	122.66	13.59	76.52	35.02	16.72	106.21	96.98	78.86	82.25	76.16	60.33
8335	fs	142.77	68.78	16.39	186.5	108.92	2.47	192.1	131.82	18.03	108.93	53.72	19.36	119.53	92.69	68.25	101.88	78.98	57.29
8336	fb	68.23	32.61	20.66	140.24	79.05	11.08	157.25	90.48	7.1	72.92	34.4	17.38	114.25	102.74	85.88	83.31	75.55	60.44
8337	fb	135.67	59.02	14.99	191.86	113.57	7.75	212.8	147.99	35.2	123.06	57.79	20.31	111.19	84.54	57.01	77.77	62.17	43.35
8338	fs	141.96	69.4	18.3	199.02	127.02	15.34	205.57	146.45	38.91	114.85	52.78	20.41	115.14	86.55	59.7	104.74	81.44	57.59
8339	fs	158.94	83.56	15.82	189.02	112.47	7.65	199.21	134.46	20.81	137.48	67.52	13.68	111.07	77.67	50.63	97.55	72.16	50.23
8340	fb	144.04	68.41	22.28	207.56	139.33	28.99	212.74	144.38	26.15	131.14	66.54	17.99	141.94	106.58	74.29	101.59	78	54.75
8383	fb	141.43	73.42	28.88	198.98	119.21	24.26	215.27	161.17	75.18	121.91	72.83	38.52	138.75	103.28	71.84	109.28	82.11	57.8
8386	fb	99.12	62.14	30.28	150.43	107.19	30.51	169.15	134.27	64.49	112.55	68.27	28.05	100.83	90.6	72.87	88.15	79.12	62.38
9250	fs	150.7	72.04	18.5	196.34	116.04	8.88	196.44	128.97	16.95	115.45	53.97	23.61	105.27	79.4	58.67	96.5	74.43	54.41
9251	fb	136.86	68.83	26.5	204.11	141.84	52.64	211.1	157.96	71.88	136	87.98	48.16	154.45	125.07	92.24	121.57	97.74	70.82
9252	fb	164.75	72.03	16.77	220.83	147.85	30.97	222.88	159.17	47.81	129.64	60.09	22.72	145.12	113.48	82.59	116.2	94.26	69.09
9253	fb	117.57	48.11	12.77	188.68	117.09	17.63	199.32	132.8	23.98	77.21	38.22	17.16	116.82	95.47	72.47	83.41	68.84	50.93
9254	fb	142.27	83.63	43.34	207.2	151.43	68	208.71	162.44	89.66	132.46	69.96	30.64	151.17	118.08	88.19	118.69	92.68	69.15
9255	fb	123.74	63.56	28.15	191.83	129.6	45.75	209.92	152.9	53.29	120.61	60.35	26.81	130.68	103.65	76.99	102.72	82.33	60.69
9256	fb	136.4	61.99	22.8	205.45	123.45	25.1	220.22	160.67	61.36	113.18	50.93	23.39	121.53	89.13	63.23	95.07	71.39	50.63
9257	fb	142.48	72.44	26.47	200.31	124.89	20.95	210.91	149.57	47.97	126.77	67.42	27.64	153.27	119.77	85.89	126.08	98.98	70.58
9259	fs	149.94	100.09	56.96	191.2	133.85	41.48	204.7	149.13	49.09	130.38	74.26	35.82	133.03	102.77	75.7	121.64	96.73	72.45
9260	fs	198.79	114.35	23.04	227.11	174.6	80.63	223.77	157.46	38.22	183.93	109.08	31.74	147.07	114.93	83.22	128.2	100.96	72.47
9261	fb	157.86	99.86	56.3	190.71	138.46	79.02	190.97	132.93	48.12	128.91	63.68	24.68	142.91	113.88	88.29	112.37	90.1	69.7
9262	fb	143.53	78.53	40.33	219.04	145.27	41.93	227.78	162.24	53.73	131.29	61.92	22.41	156.13	121.09	91.19	116.62	91.3	67.09
9263	fs	154.73	74.46	17.27	206.85	147.88	49.18	208.79	160.55	73.83	135.45	72.85	29.64	132.12	100.79	71.52	121.1	94.16	97.47
9264	fb	186.85	110.66	30.2	225.05	174.9	87.31	224.71	181.98	102.22	146.64	93.94	47.77	173.65	135.75	95.89	140.94	109.56	78.57
9265	fb	148.97	78.99	29.18	203.73	131.9	12.86	210.19	143.88	14.72	133.02	60.71	11.7	105.44	78.53	57.55	81.89	64.04	47.2
9266	fb	157.96	68.39	9.14	218.15	131	10.44	222.37	153.22	30.56	150.92	74.02	21.39	168.23	131.25	95.94	131.53	104.83	76.18
9267	fb	149.27	65.43	14.63	195.11	121.39	10.9	189.78	127.6	17.9	95.58	47.16	20.21	117.09	88.75	61.48	86.91	66.03	46.5
9269	fb	156.07	66.99	7.21	195.23	123.08	8.54	195.96	135.84	26.27	135.55	65.73	16.42	122.51	95.31	66.85	97.46	79.16	56.78
9270	fb	146.51	66.91	14.91	194.4	138.81	39	205.04	167.86	91.5	164.32	97.81	25.67	134.4	98.55	67.33	114.14	82.63	58.13
9271	fs	171.39	84.52	6.74	209.69	147.67	38.35	221.97	170.61	75.09	134.31	74.9	30.66	152	128.78	99.86	126.2	107.31	80.94
9273	fb	110.05	46.73	21.25	197.35	119.15	11.1	200.86	141.35	37.34	120.19	52.87	18.05	116.91	87.3	58.21	99.87	74.45	49.89
9274	fs	85.79	39.26	18.61	182.47	99.05	7.57	193.65	120.29	12.1	116.12	52.08	15.52	114.19	86.47	59.28	85.94	68.62	48.42
9275	fb	142.11	65.52	17.03	216.95	133.44	10.38	216.16	148.6	30.2	102	49.34	22.6	106.38	83.56	58.98	77.65	64.18	46.4
9276	fb	126.51	64.05	17.42	185.87	120.14	11.68	193.82	130.52	9.01	97.77	53.17	18.32	102.55	81.22	57.89	81.91	67.73	49.88
9277	fb	141.6	78	26.51	185.51	120.27	25.47	188.36	130.63	36.19	110.34	52.27	19.92	109.64	79.53	54.6	104.22	78.08	55.19
9278	fs	142.51	67.44	21.15	189.89	120.69	18.25	187.48	131.37	30.59	11.29	59.02	22.93	110.43	84.36	61.31	76.88	61.61	46.81
9279	fb	99.69	40.16	18.05	199.15	121.14	10.27	204.26	147.87	39.1	105.32	51.12	20.46	121.2	92.9	65.95	90.2	71.44	50.74
9280	fb	103.25	48.02	15.93	149.9	84.39	6.99	162.23	100.36	7.43	80.24	38.58	17	107.44	98.34	75.8	79.39	73.49	55.91
9281	fb	97.57	38.45	20.21	186.76	105.65	7.16	180.97	116.03	16.61	87.81	40.13	19.21	88.48	64.65	46.4	63.93	50.97	37.87
9282	fb	133.98	54.55	14.93	190.69	130.1	47.91	194.49	136.29	48.07	132.15	67.52	23.6	130.85	103.94	80.67	90.78	74.77	57.41
9283	fb	144.82	65.19	15.23	193.12	115.64	5.38	197.09	134.25	20.17	104.59	43.76	19.07	122.9	92.82	69.29	92.4	72.36	54.62
9284	fb	124.44	55.49	15.35	195.41	116.37	3.21	194.42	133.21	24.08	94.9	39.64	15.78	107.28	76.73	52.41	77.97	59.51	42.78
9285	fb	130.62	48.11	12.68	197.54	120.2	11.15	186.91	118.51	12.3	102.49	48.11	22.46	99.84	74.2	52.65	85.4	67.9	51.83
9286	fb	137.92	52.2	9.34	182.75	96.91	4.62	188.84	123	21.73	109.97	44.11	13.85	106.55	79.08	57.39	77.96	61.84	46.65
9287	fb	93.58	40.04	19.4	186.36	105.29	13.54	198.2	137.65	38.79	81.27	36.98	22.38	114.97	95.88	71.95	81.46	67.82	50.03
9289	fb	99.06	35.96	11.75	176.65	85.18	2.72	173.54	98.76	3.85	86.5	47.43	26.2	93.05	71.89	52.27	76.75	64.7	50.18
9290	fb	117.18	37.91	15.08	191.28	108.94	14.6	195.63	127.19	19.68	100.32	46.1	24.24	118.84	100.7	78.18	91.31	78.52	59.22
9293	fb	117.79	40.66	13.66	187.84	111.99	4.61	198.65	139.12	28.7	103.01	47.83	20.29	109.48	91.56	70.24	80.21	69.3	53.2
9294	fb	95.83	44.57	21.87	185.06	104.66	7.15	181.71	118.85	18.1	73.23	33.37	16.79	101.94	82.66	59.95	78.51	65.86	47.72
9295	fb	100.71	43.6	13.68	196.5	122.71	18.82	191.28	132.61	36.12	64.1	38.03	24.75	123.44	107.03	84.39	84.01	72.99	56.21
9348	fs	147.31	57.54	11.1	202.24	113.15	4.04	203.46	137.64	22.16	115.82	48.28	20.47	112.31	88.86	65.92	96.71	77.59	57.88
9349	fs	174.04	84.09	12.62	198.97	126.33	36.77	215.04	152.56	46.2	152.2	95.43	42.66	150.89	117.43	85.2	131.68	102.79	75.37
9350	fb	132.62	55.83	12.39	187.66	98.85	2.63	185.17	105.47	6.26	94.27	39.43	14.28	135.98	110.16	83.29	98.08	81.57	61.66
9353	fb	148.85	73.47	16.04	199.63	141.93	39.71	203.69	156.97	70.94	123.53	61.31	23.48	113.31	83.91	57.71	85.88	65.61	45.9
9354	fs	146.69	64.86	19.75	186.45	106.38	16.59	208.09	143.42	39.76	136.32	65.36	21.07	120.77	92.08	65.41	102.78	79.85	57.14
9355	fb	170.99	113.22	49.51	209.32	152.77	57.52	222.7	172.75	74.05	152.19	84.69	24.7	145.24	112.35	77.88	108.12	84	58.63
9358	fs	145.31	76.63	29.56	192.01	121.57	29.49	195.49	125	26.1	130.39	55.81	20.59	117.16	84.65	60.63	103.55	77.96	57
9359	fb	137.27	57.33	9.96	196.07	122.37	23.45	199.07	131.54	33.07	107.5	48.6	14.98	117.77	87.77	64.85	82.09	65.62	50.76
9360	fb	127.49	60.68	18.61	203.75	122.67	15.04	214.11	145.18	25.04	137.3	64.67	11.81	119.78	94.21	68.69	107.06	86.32	66.49
9361	fb	140.34	69.67	23.18	189.67	106.88	8.63	193.73	126.96	20.25	134.96	58.27	16.12	116.76	95.11	73.68	88.5	73.31	57.15
9362	fs	114.79	50.31	19.23	173.28	97.72	6.32	188.69	128.45	32.98	122.89	61.04	15.8	112.51	90.39	68.6	88.15	71.88	54.85
9363	fb	161.29	76.52	5.85	208.37	147.99	35.47	221.89	172.39	68.66	143.98	71.83	18.03	147.62	118.86	86.57	107.21	88.21	63.61
9364	fb	137.66	49.6	12.96	191.66	109.99	9.76	206.62	134.76	16.66	95.55	39.9	19.81	119.36	87.75	60.34	83.71	65.08	46.04
9365	fb	134.71	66.67	34.46	200.36	139.46	58.37	214.24	169.77	96.38	125.03	70.83	41.71	148.11	111.86	79.14	122.12	92.79	66.59
9366	fb	124.41	63.15	17.69	200.17	143.38	52.54	211.42	154.2	49.18	108.95	72.94	46.64	108.68	83.65	59.51	88.05	71.98	53.8
9367	fb	112.47	48.44	21.6	206.71	144.53	70.26	206.39	146.28	57.43	111.48	69.79	44.86	137.7	106.69	78.08	105.83	83.38	61.7
9368	fs	141.28	66.78	22.72	200.51	128.75	29.36	194.25	138.66	45.79	114.39	58.51	31.62	118.44	92.88	65.41	106.76	85.2	60.86
9352	z	137.01	70.65	31.28	191.76	133.17	70.54	198.57	143.01	78.05	149.47	90.55	48.36	158.63	120.01	88.32	139.53	107.61	80.64
8388	z	108.01	47.66	19.66	150.1	81.95	8.22	160.17	107.94	18.27	133.64	84.74	20.7	133.55	125.77	113.39	106.79	97.1	83.09
8389	z	127.22	59.47	26.2	191.49	112.19	29.13	206.7	156.8	88.37	165.59	99.53	31.3	169.96	142	114.77	131.04	104.59	81.27
9300	z	176.16	109.7	57.55	229.06	166.1	79.97	229.96	172.85	81.28	177.68	104.06	32.92	156.22	129.24	101.83	123.53	99.21	75.16
9301	z	157.4	72.05	22.68	215.91	135.45	26.94	229.87	172.44	61.51	168.91	95.23	25.68	161.52	134.35	104.7	133.6	108.34	81.99
9302	z	135.04	63.92	23.99	204.61	125.56	23.39	221.25	163.67	52.55	170.35	108.96	41.24	174.61	145.56	114.58	138.02	111.36	84.83
9303	z	128.57	60.94	19.73	178.75	99.63	12.35	206.38	146.3	48.62	142.89	78.23	23.82	165.89	138.95	110.54	130.89	106.03	81.47
9304	z	154.25	86.26	27.38	208.66	149.12	58.08	228.05	181.65	88.87	181.98	123.07	56.81	189.37	163.9	132.85	152.96	126.04	97.12
9306	z	177.63	79.68	7.82	229.25	152.35	16.03	237.77	185.34	59	201.93	124.6	24.22	147.61	123.62	98.04	108.01	91.13	71.98
9307	z	108.15	46.61	21.49	169.98	81.92	5.11	187.23	119.85	18.92	128.6	64.65	14.06	118.98	100.15	78.44	83.78	70.98	55.35
9308	z	115.5	53.07	22.25	187.42	114.63	19.35	195.3	130.98	20.97	124.74	71.67	28.02	130.29	111.62	90.13	92.33	78.48	62.17
8382	g	104.14	46	19.28	148.47	85.62	13.02	157.5	116.08	30.86	121.77	75.33	26.4	114.33	110.45	99	86.67	82.26	70.93
8390	g	90.88	52.82	26.83	152.79	92.96	14.09	155.57	113.99	45.14	106.31	67.18	29.71	124.38	111.55	94.31	94.71	82.48	67.25
8392	g	85.53	43.43	25.5	161.75	96.76	4.72	176.45	126.01	17.36	101.61	53.68	18.88	121.83	117.78	104.65	90.8	86.44	73.72
9296	g	111.9	42.34	14.64	194.17	103.72	5.17	199.88	128.62	17.85	132.89	63.51	19.78	137.18	118.11	96.94	102.9	87.02	69.94
9298	g	124.91	54.07	16.61	172.23	85.52	5.94	192.58	113.17	11.67	119.59	53.45	15.44	132.36	112.09	93.61	98.57	82.25	66.59
9305	g	134.65	61.31	25.26	198.96	115.93	27.18	214.63	151.49	45.24	157.44	80.67	21.66	172.94	146.22	116.41	132.78	106.24	80.14
9309	g	140.29	64.66	17.7	185.37	105.87	16.69	212.17	139.81	20.3	131.29	61.05	17.67	111.8	94.11	74.95	78.51	66.41	52.34
9297	g	125.34	61.49	28.49	201.83	138.01	37.16	207.44	148.06	46.54	154.23	92.84	30.98	137.65	112.88	89.14	98.79	80.32	63.13
8319	p	168.31	77.75	11.31	189.45	117.45	23.81	210.01	149.42	52.49	119.83	51.54	21.08	119.15	92.82	68.65	105.71	83.46	62.32
8341	p	149.97	65.64	11.53	187.54	99.34	5.26	203.8	127.2	19.05	117.03	52.74	17.35	121.22	92.54	70.38	96.45	76.13	58.86
8342	p	162.64	67.9	6.12	189.13	102.86	6.68	195.26	117.95	5.39	149.05	70.37	17.94	123.71	96.04	70.47	101.3	80.99	61.68
8343	p	167.72	84.32	8.32	194.68	125.07	24.36	213.69	145.44	28.42	112.1	50.45	16.82	113.43	84.89	62.63	92.66	71.59	53.92
8344	p	164.82	81.63	9.16	191.94	109.78	3.8	204.11	126.52	9.66	109.99	53.83	25.22	98.31	74.58	55.07	83.31	64.66	48.18
8345	p	166.49	99.25	30.79	188.22	125.36	39.31	204.76	137.14	33.14	139.49	71.25	29.85	112.26	86.2	65.83	93.33	73.23	56.82
8346	p	172.32	75.97	8.13	197.15	106.34	4.31	203.04	120.72	10.3	88.72	36.55	18.55	90.38	69.73	51.26	78.07	60.72	44.84
8347	p	180.41	74.33	5.94	203.36	104.88	4.7	225.27	150.73	24.95	94.78	38.84	18.95	117.98	94.86	72.72	97.97	77.69	58.9
8348	p	155.57	62.82	10.32	168.63	80.98	4.2	180.38	109.42	12.98	116.67	49.72	15.3	102.6	78.76	58.98	85.74	65.89	48.9
8349	p	165.7	71.15	8.55	194.5	113.24	19.26	199.19	126.55	23.6	107.43	43.3	18.66	110.78	84.92	64.46	96.14	74.23	56.41
8350	p	169.81	66.17	5.7	180.76	87.64	2.47	191.4	114.08	8.46	104.58	43.58	20.76	103.75	81.86	63.17	86.65	69.1	53.39
8351	p	183.82	98.49	16.42	199.89	112.05	3.47	214.58	142	19.02	122.97	51.98	20.08	118.48	96.89	75.94	97.42	80.28	62.94
8352	p	171.33	70.4	4.92	204.95	119.02	15.57	215.23	132.61	16.69	110.81	41.73	20.47	86.62	68.16	49.72	76.2	60.81	44.95
8353	p	168.06	79.61	11.38	198.16	111.45	6.33	212.72	137.58	17.84	108.54	43.85	18.54	86.9	65.33	47.39	75.47	57.4	41.73
8354	p	176.83	78.07	3.64	200.1	110.04	6.05	208.55	128.92	10.76	128.29	49.94	20.36	112.99	87.84	65.5	92.85	73.56	55.06
8355	p	177.97	82.46	8.79	188.14	107.32	14.58	201.19	115.46	7.7	116.1	47.22	13.73	109.19	86.41	64.92	90.35	72.59	55.37
8356	p	136.17	69.7	17.53	158.53	81.56	5.06	163.63	97.97	5.83	98.54	48.53	18.86	83.12	73.46	59.87	72	64.69	52.71
8357	p	186.52	83.08	2.3	208.77	125.84	15.01	214.24	145.76	28	95.9	39.02	20.34	126.22	99.9	76.59	108	84.79	64.86
8359	p	181.81	99.84	26.18	203	116.86	15.04	212.45	136.13	16.92	100.95	44.01	22.92	113.08	89.25	66.18	98.53	78.17	58.69
8360	p	158.32	65.55	11.35	198.71	105.66	5.05	205.73	120.95	6.6	117.03	45.34	17.64	106.01	84.39	62.67	89.3	72.69	54.34
8361	p	180.04	68.11	6.05	195.8	106.1	12.69	211.79	143.72	38.58	122.42	56	25.37	139.19	110.98	84.71	118.85	94.16	70.72
8362	p	147.8	66.58	11.13	174.6	98.25	7.74	189.71	121.26	26.7	112.3	56.53	26.93	97.99	73.62	54.99	82.86	63.43	47.79
8363	p	163.33	74.6	14.66	185.52	109.81	22.9	214.06	150.82	59.02	157.52	87.31	33.92	136.43	96.98	66.78	104.81	77.11	55.05
8364	p	159.99	67.65	10.83	186.11	107.97	14.11	200.43	124.25	17.7	131.81	55.87	21.89	106.91	78.97	57.33	89.31	68.25	50.84
8365	p	145.96	66.3	13.62	172.76	111.68	33.83	193.13	127.77	28.61	109.36	57.63	27.48	114.93	89.08	65.64	96.28	75.4	56.57
8366	p	141.48	62.25	13.86	182.13	98.34	8.24	195.7	122.92	16.14	145.56	66.71	19.8	119.85	94.74	70.13	95.05	75.81	56.75
8367	p	158.12	86.24	28.42	191.07	125.86	46.47	205.38	155.2	82.21	140.21	82.18	39.73	118.04	90.57	65.13	92.02	71.98	53.11
8368	p	170.45	76.36	9.56	196.33	115.53	14.45	205.86	129.55	37.86	144.83	61.46	18.59	114.19	86.49	61.76	94.54	72.88	53.24
8369	p	155.65	70.52	8.68	185.27	103.67	10.39	197.4	121.09	26.49	121.9	55.27	23.96	115.61	88.74	66.16	94.9	73.59	55.08
8370	p	143.78	65.51	9.22	152.01	96.37	16.23	161.93	113.73	26.3	102.38	47.72	20.89	92.25	79.5	61.36	78.27	68.5	53.94
8371	p	173.83	93.76	16.3	203.25	135.53	34.27	203.08	148.5	53.4	144.17	78.32	32.96	134.87	99.65	69.95	97.89	73.12	53.57
8372	p	130.28	62.25	14.14	155.71	97.75	16.61	165.31	110.95	22.96	113.71	68.99	30.61	98.03	80.07	63.64	84.16	71.14	57.21
8373	p	152.06	89.31	11.02	165.91	119.08	32.73	180.7	136.88	39.91	116.18	75.23	29.79	91.62	78.56	63.29	81.87	70.59	56.67
8374	p	43.93	76.24	15.59	144.34	95.5	27.15	156.53	109.43	24.68	98.65	53.33	26.77	93.11	76.9	60.32	84.43	71.06	55.81
8376	p	149.11	69.77	6.33	160.91	112.37	21.85	170.8	121.63	26.9	95.9	50.57	21.16	95.41	81.12	62.79	75.01	64.77	51.16
8377	p	134.96	72.55	18.52	149.54	105.53	31.07	155.25	116.7	42.57	101.41	55.93	25.37	104.22	92.86	74.75	88.2	79.33	64.13
8378	p	144.25	68.49	7.94	158.77	95.22	9.29	160.48	118.31	40.79	114.07	58.3	18.4	86.86	75.16	59.74	76.69	67.81	54.34
8379	p	136.43	75.09	16.93	152.12	108.34	35.94	161.36	115.36	35.35	86.33	41.26	22.01	90.61	78.98	63.67	88.21	76.59	60.88
8380	p	146.69	71.42	4.55	157.82	93.03	5.09	165.73	110.05	10.32	78.38	38.65	22.41	87.9	83.12	69.34	77.06	72.8	60.78
8381	p	137.64	66.31	14.26	141.95	82.56	20.85	156.28	84.59	6.01	85.34	44.42	23.55	94.93	83.91	69.75	80.29	71.13	58.84
8384	p	165.54	96.02	22.06	177.77	119.51	33.35	196.4	139.15	40.7	157.26	83.49	19.07	142.51	107.22	74.23	118.66	89.74	63.66
8387	p	139.54	67.05	17.72	166.01	97.72	15.19	175.85	121.22	25.07	101.18	51.24	23.51	96.68	86.26	70.35	89.11	79.23	64.57
8391	p	141.01	61.22	9.29	157.15	83.2	3.85	169.47	98.6	5.03	84.12	37.68	18.05	91.46	86.09	74.16	76.99	72.59	61.17
9312	p	163.87	86.81	24.37	185.16	104.77	15.81	199.37	134.24	39.35	122.75	58.17	25.03	108.04	76.28	53.84	90.28	66.24	47.92
9313	p	163.9	90.5	16.56	196.88	128.72	29.36	198.56	125.03	15.28	117.45	56.29	22.3	114.9	88.78	65.7	98.55	77.04	57.47
9315	p	161.74	80.79	5.31	189.53	129.76	27.83	207.01	151.82	49.86	132.27	75.73	34.48	133.42	101.97	75.49	117.79	90.4	66.59
9316	p	164.16	87.34	20.93	198.04	131.88	42.02	212.04	157.82	71.89	144.88	85.69	37.5	115.4	84.86	58.41	94.13	7.68	50.52
9317	p	169.75	98.22	27.72	198.89	133.97	38.33	208.54	140.91	30.96	127.68	61.07	24.79	117.75	93.09	69.14	98.7	79.28	59.54
9318	p	181.61	121.12	54.12	194.32	126.47	45.09	201.8	138.16	40.28	165.5	100.89	37	142.94	113.22	87.94	123.76	98.54	76.41
9319	p	183.3	91	6.25	205.43	131.02	21.56	217.25	154.68	48.01	120.97	54.84	23.45	127.24	95.55	71.89	106.47	80.99	61.18
9321	p	171.75	80.4	8.78	187.64	114.84	9.36	210.59	151.83	45.59	138.41	65.81	23.66	118.53	90.35	67.12	106.06	81.91	61.34
9322	p	169.02	80.89	10.78	192.94	104.96	11.48	211.23	140.34	31.07	120.82	65.22	29.94	123.37	96.96	73.09	100.84	80.4	61.6
9323	p	179.59	84.48	1.62	193.01	119.66	15.39	196.56	132.24	33.05	124.99	53.53	15.84	117.47	92.61	70.4	103.34	82.58	63.19
9324	p	153.59	93.1	30.81	188.8	127.85	41.81	208.6	161.59	88.42	83.25	40.23	22.58	90.41	73.75	57.73	80.52	66.47	51.89
9325	p	176.83	78.71	3.23	198.54	105.59	4.94	197.23	110.6	7.24	96.82	38.28	17.33	116.87	97.06	78.26	100.04	83.89	67.47
9326	p	154.9	76.33	14.43	188.03	100.59	4.61	190.33	129.07	36.21	130.25	62	21.65	94.77	75.01	59.93	83.31	67.07	53.86
9327	p	162.09	63.02	2.7	193.76	115.03	20.64	196.93	107.55	4.87	87.9	33.88	16.49	91.18	75.41	59.62	73.31	61.85	49.2
9328	p	175.75	84.65	2.33	196.97	123.61	19.61	209.38	135.19	15.61	120.85	75.08	41.79	104.13	84.9	66.99	90.22	74.5	59.48
9330	p	163.11	85.2	14.87	189.42	120.88	23.84	192.02	113.78	14.31	99.22	51.62	30.59	89.5	71.57	54.61	80.04	65.43	50.69
9331	p	167.02	65.1	13.21	194.72	124.58	13.26	206.55	140.56	26.26	90.49	43.88	23.48	105.51	86.04	66.3	78.41	65.75	51.78
9333	p	167.33	79.7	4.72	191.67	107.11	2.34	200.91	132.97	19.69	115.05	58.15	27.56	92.37	75.15	56.9	72.28	60.03	46.25
9334	p	164.31	81.35	3.58	183.4	122.52	14.95	196.77	135.27	17.82	103.37	46.07	18.14	102.83	81.36	60.07	78.03	63.8	48.22
9335	p	177.64	83.46	4.68	197.06	115.06	2.87	199.49	123.49	14.44	119.78	50.33	19.71	99.47	80.75	63.69	81.29	68.09	54.58
9336	p	165.61	71.17	7.29	198.66	118.5	14.34	208.7	129.81	19.69	104.9	47.86	21.87	113.28	86.76	63.8	96.16	74.63	55.45
9337	p	188.96	114.48	23.49	205.48	135.26	31.54	210.93	149.1	35.47	109.73	51.8	19.16	112.09	92.61	72.58	87.9	73.44	57.1
9345	p	147.89	57.71	7.81	171.73	83.9	2.14	193.92	118.77	16.74	68.9	29.99	16.83	83.69	65.96	50.41	64.65	53.66	42.23
9346	p	160.07	65.7	5.21	190.01	107.56	13.12	203.54	132.84	34.79	97.85	38.86	18.08	99.91	83.7	68.33	81.28	69.45	65.77
9347	p	161.05	74.57	8.65	195.9	117.96	5.52	209.67	144.48	26.73	115.26	52.46	18.61	109.56	88.47	68.37	84.02	69.6	54.85
8393	sb	122.22	45.09	13.36	183.63	91.09	0.79	185.76	117.51	5.49	139.79	75.86	13.4	150.56	125.26	90.97	121.33	92.9	61.82
8394	sb	122.01	46.05	12.44	165.91	95.41	6.99	162.17	108.3	26.45	121.27	68.87	14.37	126.28	94.04	62.26	104.43	74.85	47.64
9204	sb	143.49	61.32	15.65	195.13	111.64	14.03	195.56	117.94	15.32	149.88	71	14.12	164.45	107.72	60.18	132.93	84.25	48.17
9206	sb	132.14	57.77	17.65	204.04	110.07	2.91	206.18	114.73	2.36	134.94	60.48	11.08	161.48	107.33	54.23	113.25	71.74	38.18
9208	sb	127.02	48.16	11.07	197.43	96.75	0.99	200.1	112.8	6.76	141.48	65.79	13.65	148.66	98.65	57.95	114.83	73.22	42.88
9209	sb	118.53	48.17	22.58	187.36	101.62	8.25	186.95	113.4	19.25	151.56	88.41	39.37	131.39	87.14	54.92	96.81	62.71	41.38
9211	sb	192.66	109.36	23.14	233.63	171.86	58.66	234.75	178.7	73.5	202.17	141.43	63.3	202.73	157.28	102.15	162.21	119.1	76.62
9212	sb	185.18	105.79	34.28	225.85	166.77	73.25	232.79	186.49	108.16	189.73	126.29	61.88	198.98	157.31	107.85	160	118.99	76.92
9213	sb	155.78	75.72	17.81	202.83	122.27	7.54	210.74	145.97	24.44	160.86	90.25	17.41	177.89	131.93	82.62	141.14	97.95	57.11
9216	sb	180.67	102.58	34.61	227.58	169.4	72.22	230.22	167.29	54.13	180.31	110.86	40.32	204.69	151.78	93.57	159.35	109.71	66.73
9217	sb	174.69	78.01	9.53	214.8	143.78	40.24	221.81	157.41	54.81	187.11	116.48	38.29	192.45	149.65	101.88	155.69	112.91	71.33
9218	sb	168.39	77.44	15.18	213.35	136.02	21.47	221.79	160.11	53.43	178.36	107.47	38.77	185.41	136.18	83.99	147.07	103.95	63.57
9219	sb	191.5	87.83	8.6	222.83	148.48	33.5	232.71	168.08	54.7	169.21	88.85	20.6	201.09	150.19	98.52	163.17	116.12	73.59
9220	sb	205.09	129.83	48.85	233.03	172.83	70.53	235.95	194.15	119.72	207.76	141.7	58.14	208.97	165.65	112.65	183.11	137.88	88.37
9221	sb	169.81	91.9	17.06	213.3	142.94	21.5	207.79	141.39	26.4	152.3	90.33	16.4	155.64	106.8	61.35	116.08	77.93	46.36
9223	sb	167.96	82.5	17	196.88	112.18	6.1	195.8	113.81	3.47	136.46	63.7	15.5	166.45	114.38	66.92	124.84	79.29	45.62
9224	sb	126.86	51.19	16.37	195.56	105.82	2.6	198.32	115.51	3.38	133.25	67.08	11.7	137.29	91.94	59.51	104.6	66.59	41.18
9226	sb	126.28	49.46	14.75	202.18	123.93	17.86	213.43	144.82	24.51	153.3	72.58	20.6	165.41	119.2	73.84	118.3	78.11	46.22
9227	sb	165.85	71.06	13.47	208.46	114.42	5.98	223.78	148.83	27.98	149.91	82.24	16.25	175.32	125.5	76.59	141.42	98.32	58.76
9228	sb	154.55	72.53	18.91	197.82	113.95	1.28	200.9	128.23	10.38	155.14	88.41	23.34	161.14	117.33	75.52	119.76	82.99	52.01
9229	sb	133.74	49.54	18.12	216.31	139.17	30.08	212.94	139.26	23.4	147.4	73.29	14.19	139.92	91.5	54.55	107.59	67.44	40.12
9230	sb	152.97	63.41	8.43	204.69	114.06	5.83	210.57	130.01	12.46	160.87	94.42	26.15	164.59	113.4	65.21	125.85	84.48	48.89
9232	sb	140.53	60.16	16.09	201.44	122.88	6.86	202.52	138.07	24.12	141.51	83.06	22.11	140.49	97.29	60.9	99.47	67.44	43.34
9233	sb	144	60.59	12.32	205.97	119.14	7.52	206.71	127.5	5.73	152.91	90.09	26.96	172.32	128.56	80.91	120.09	84.06	50.91
9234	sb	125.74	51.85	19.24	210.76	143.54	44.74	207.22	138.33	26.66	133.6	71.11	16.12	158.49	110.66	70.14	115.66	78.2	47.87
9235	sb	137.21	67.12	20.13	196.14	113.56	9.47	207.02	133.57	15.44	111.22	57.61	18.72	139.2	95.27	59.6	95.33	62.7	39.68
9236	sb	138.95	63.76	21.39	210.41	136.63	24.19	215.1	145.47	33.01	151.62	83.46	16.74	176.51	127.76	79.73	136.34	93.87	57.76
9237	sb	147.24	60.35	13.66	203.03	115.87	7.02	216.53	142.31	20.67	168.3	98.26	23.74	159.97	107.8	56.46	118.07	76.3	41.41
9240	sb	144.6	62.15	12.36	196.84	103.55	4.87	204.38	131.46	32.61	146.47	74.3	14.79	144.18	99.12	61.48	103.94	72.11	46.43
9241	sb	107.17	39.48	19.03	193.22	110.58	8.7	196.75	120.84	12.03	136.74	69.88	12.86	152.54	103.88	62.7	110.06	72.61	45.24
9242	sb	116.25	42.64	13.24	194.69	106.35	9.04	196.95	123.26	23.11	128.14	63.83	17.1	133.76	91.14	56.31	96.57	64.39	38.93
9243	sb	168.46	71.92	7.02	202.07	116.2	3.15	198.93	124.85	10.17	136.07	73.58	14.18	157.38	111.74	68.28	115.67	77.42	46.47
9244	sb	149.79	84	36.07	194.03	109.43	8.91	206.39	134.61	16.94	143.38	81.3	25.42	156.18	107.97	63.69	116.4	74.89	43.55
9245	sb	159.56	70.09	6.66	194.16	107.26	2.76	196.25	123.35	10.12	152.66	81.53	15.43	174.68	126.44	78.2	134.38	93.54	55.84
9246	sb	154.84	67.08	11	207.31	142.75	52.95	205.61	143.76	54.11	178.52	95.85	15.28	159.45	109.14	64.93	131.08	90.62	55.72
9248	sb	111.17	34.31	15.85	185.17	90.56	3.64	189.7	108.99	5.15	154.39	80.59	18.98	138.7	92.75	54.88	94.67	63.39	39.43
9249	sb	178.62	96.18	33.3	221.56	144.39	29.31	222.09	150.31	36.95	196.22	123.77	39.1	176.14	125.88	77.87	143.05	99.92	62.27
9272	sb	107.8	38.5	13.34	219.06	134.19	21.22	227.91	152.01	35.86	134.58	77.2	20.76	167.07	119.86	81.35	117.92	82.39	54.91
8358	ss	135.5	47.83	8.5	194.72	101.48	1.34	207.76	127.62	3.83	164.13	78.31	9.17	140.36	90.09	48.17	120.44	74.51	41.67
8375	ss	163.82	65.59	6.71	202	98.8	1.88	208.25	121.91	13.28	146.22	66.02	13.92	141.76	90.03	48.43	124.36	75.58	41.16
8385	ss	74.52	41.06	27.41	159.7	88.68	6.77	169.4	103.88	10.76	91.44	45.34	19.07	97.12	69.06	48.99	81.49	57.96	41.97
8395	ss	125.57	57	12.48	170.09	88.74	0.71	180.24	112.72	4.55	121.09	61.83	11.2	116.93	83.27	50.67	107.21	75.81	47.06
8396	ss	108.7	44.01	15.42	168.32	96.72	4.07	170.85	105.56	4.07	116.3	57.19	15.5	116.89	91.26	66.6	102.9	76.91	55.02
8397	ss	117.18	48.07	17.22	167.36	88.24	3.56	174.25	108.88	6.8	121.35	60.38	19.86	123.01	88.08	55.39	113.8	79.42	49.62
9201	ss	170.04	82.24	21	204.73	135.53	37.68	220.97	164.37	59.61	165.06	88.72	19	155.24	105.63	60.65	131.52	87.92	52.39
9203	ss	175.07	93.96	23.92	226.1	171.45	73.97	229.3	179.5	84.16	184.41	105.39	24.9	186.92	134.01	82.6	159.03	115.48	75.74
9205	ss	166.13	79.17	10.22	212.01	127.79	1.99	217.28	149.04	6.86	182.76	99.06	4.01	158.68	104.72	55.96	134.71	87.54	48
9207	ss	132.88	49.11	10.08	194.99	96.71	1.76	209.13	120.13	4.04	169.01	72.26	9.13	137.92	87.19	45.73	121.77	76.07	41.03
9210	ss	126.49	52.31	10.6	165.63	91.25	2.46	167.14	105.04	6.17	123.23	62.15	15.21	105.39	73.16	49.12	94.92	63.49	42.67
9214	ss	153.29	69.19	20.68	209.09	123.63	15.05	215.67	140.73	19.65	180.58	99.48	18.68	187.06	133.63	79.19	165.44	116.57	70.07
9215	ss	164.77	78.28	18.27	215.63	147	41.62	218.26	159.26	51.87	174.01	106.75	41.11	170.03	125.21	80.08	155.83	115.13	74.47
9225	ss	86.12	42.16	24.58	203.9	131.28	14.64	214.55	155.1	40.23	145.71	86.36	35.69	135.14	91.2	57.87	104.07	68.87	45.39
9231	ss	132.97	58.01	22.92	198.4	118.66	12.74	211.02	139.56	24.84	148.98	77.74	18.42	134.51	82.21	45.3	116.62	71.52	43.08
9239	ss	116.72	43.9	12.86	192.84	103.2	5.18	203.82	123.86	4.84	128.49	59.31	15.24	123.89	81.35	50.06	101.51	65.11	41.46
9247	ss	156.65	74.32	12.76	204.57	137.95	30.47	204.27	141.31	28.41	154.07	83.88	20.66	133.27	87.22	51.04	111.48	72.14	44.29